11
00000111000
00000010000
00000011100
00101110000
11101011000
01101000000
11011011000
10111110000
10111111000
11111111100
01111110100
00000001100
00000010110
00111010011
00011111110
01000000111
11001001110
01111101111
01010101111
00010111111
00000100111
00000110001
00000010000
00000010000
00001111000
00110110000
00011110000
00010101010
00001111111
00001010101
00001011100
00001011000
00011111000
00000001110
00000011000
00001010101
01111111111
00100011110
01101111110
00011110111
01111111101
00010010110
00111011000
00011010000
