11
00001111100
00001011110
00001111111
00000111111
00001111111
00001111111
00111110011
00010000011
00000000011
00000000110
00000000010
01110000000
11111100000
11111000000
11111000000
11111000000
11111111100
11110100000
11111100000
11110100000
11111110000
11001000000
00100000000
01111000000
11110000000
11110000000
11110000000
11111000000
11110110000
11111111000
11111111100
11110110000
11110100000
00011000000
00001100000
00011100000
00011100000
01111111100
00011110100
00111111110
00011111111
00001111111
00001111111
00000111111
