11
00010000000
01110000000
01110000000
11110000000
11110000000
11111100000
11111100000
11111110000
11111110000
11111100000
11111100000
01000000000
11111100000
11111110000
11111100000
11111100000
11111100000
11111100000
11111100000
10011100000
00001110000
00001100000
00000001110
00000001111
00000001111
00000001111
00000001111
00000000111
00000000111
00000000111
00000000011
00000000001
00000000001
00000001000
00000001111
00000001111
00000011111
00000011111
00000111111
00011111111
00011111111
00011111111
00000111111
00000001111
