13
0001110110000
0010101010000
0111101110000
1110111001010
1010101111111
0001110101010
0001111101000
0011110110000
0000101100000
0000111111000
0000010100000
0000110100000
0000101110000
0000100000000
0001100000000
0000110000011
0000011100110
0000001100011
0000000111011
0000001100101
0001010111111
0011111110101
0000000010110
0011111111111
0000011110111
0001111110101
0011000000000
0010000000000
0111000000000
0010110000000
0010101000000
1111111000000
1101001110000
1110011010000
0011100000000
1110100000000
0011000000000
1110000000000
0110000000000
1001111000000
1111001110000
1010111010000
0011011000000
1100111100000
1111101000000
1110001001110
0111111111000
0010110000000
0111011110000
1101011100000
1001010000000
1100010000000
