13
0000100000000
0000100000000
0000110000000
0000100000000
0000101000000
0001111100000
0111101100000
1111111110000
0011111100000
0011111100000
1111111100000
1111111100000
1111111000000
0001000000000
1001100000000
1111110000000
1111110000000
1111111100000
1111111100000
1111111100000
1111111000000
1111100000000
1111110000000
1111111000000
1111110000000
1111110000000
0000111111111
0001111111111
0000111111111
0000111111111
0000111111111
0001111111111
0001001011111
0000000011111
0000000001110
0000000001110
0000000001111
0000000000111
0000000001110
0000000010000
0000000010000
0000000011100
0000001111110
0000000111110
0000000111110
0000000111111
0000000011110
0000000011100
0000001111110
0000001001100
0000011001111
0000000001111
