13
0010000000000
0110000000000
1111110000000
1111110000000
1111111000000
1111111000000
1111111000000
1111111100000
1111111100000
1111111000000
1111110000000
1111100000000
0110000000000
0001100000000
0011111111000
0011111100000
0001111100000
0011110000000
0011110000000
0111110000000
1111111000000
1111111000000
1111111000000
1111111100000
1001111000000
0000010000000
1111110000000
1111110111000
1111111110000
1111111110000
1111111110000
1111111100000
1111110000000
1111110000000
1111111000000
1111110000000
0110100000000
0100000000000
0100000000000
0111111000000
1111111100000
1111111110000
1111111110000
1111111110000
1111111000000
1111111000000
1111111000000
1111111000000
1111110000000
1111110000000
0001100000000
0000100000000
