14
00000000000001
00000000000001
00000000100001
00000111110101
00101101000101
00101011001111
01100111110101
00111111110011
11101001101011
00100111001110
00000010011110
00000011111111
00000111111111
00001111101011
00110001001000
00011111001000
00000010001110
00011111011100
00000010111101
00001110011011
00010111110101
00011010111111
00111000111001
11111111110111
00100101100101
11101101100001
00000101001011
00000011111101
00011001111111
00110010100111
00011111101111
00000001111110
00001111110111
00011011111111
00001011100010
00000001111111
00000111100010
00000001001111
00000000010101
00000000011101
00000000010110
00000000001100
00000011011110
00000110010111
00001111101010
00111111111010
00001111011111
00001010111111
00000011011101
00001110001111
00110010001101
00011111101011
00001010001001
00000000101111
00000000111111
00000000001111
