14
11000000000000
10000000000000
10000110000000
11100111000000
11100111000000
11111110000000
11111100000000
11111100000000
11111111000000
11111101000000
11111100000000
11111100000000
11111110000000
00111100000000
00000000000010
00000000010011
00000000010011
00000001111111
00000001111111
00000101111111
00000111110111
00000011111100
00000011111100
00000111111100
00011111111110
00000011111110
00000011111111
00000111111111
11110000000000
11111100000000
11111111000000
11111110000000
11111111100000
11111101000000
11110111000000
11111110000000
11111110000000
11111111000000
11111111100000
11100111000000
11100001100000
11110000000000
00000000000110
00000000001110
00000000111110
00000000111100
00000000001111
00000000001111
00000000011111
00000011111111
00011111111111
00111111111111
00011001111111
00000000100111
00000000000111
00000000000111
