14
00000000011111
00000000111111
00000000111111
00000111111111
00000011111111
00000001111111
00000001111111
00000000111111
00000000011111
00000000011111
00000000011111
00000001111111
00000001111111
00000001111111
00000011100000
00011111100000
00011111100000
00011111110000
11111111110000
11111111111100
11111111111000
11111111111000
01111111111000
01111111111000
01111100000000
11110000000000
00100000000000
00100000000000
11000000000000
11110000000000
11111000000000
11111000000000
11111000000000
11111000000000
11111100000000
11111100000000
11111000000000
11111000000000
11111000000000
00011110000000
00001000000000
00001100000000
00000010001111
00000010111111
00000011111111
00000011111111
00000011111111
00000111111111
00000111111111
00000011111111
00000011111111
00000011111111
00000001111111
00000001111110
00000001111000
00000001100000
