12
100000000000
100100000000
101100000000
110110000000
010101010010
110101011111
111111110000
011111111001
011110110101
111010111111
011100110010
110111100000
000011110010
000111011111
001101011010
011111111111
010101110010
110011111110
000001111000
000001110000
000000011100
000000001000
000000001000
000000001000
000000000001
000000000001
000000000001
000000000011
000000010101
000000010101
000000111111
000000011101
000000010001
000000000111
000000011101
000000000111
000000011000
000000001100
000000011000
000110101000
000011101100
001000111010
001111001011
000011111111
000111111011
111101011011
010011101011
001110110111
