12
000100000000
000100100000
011111110000
011111100000
111111100000
111111111110
111111111100
011111110000
011011110000
111111110000
010011110000
000010100000
111110000000
111110000000
111110000000
111010000000
111111000000
111111100000
011110000000
001110000000
001111111000
000111110000
000010000000
000010000000
000000100000
000011100000
001111110000
001111111110
000011111111
000011111110
000011111000
000011111000
000011110000
000011111000
001111100000
000011100000
001111000000
011111100000
001111111000
001111111000
111111011000
011111111000
011111111000
000111111100
000111100000
000001100000
000001000000
000001000000
