12
111100000000
111110000000
111110000000
111111100000
111111000000
111111000000
111111100000
111111100000
111111010000
111111111000
001111100000
001010000000
000000000100
000000000111
000000001111
000001111111
000001111111
000001111111
000000111111
000000111111
000000111111
000001111111
000000111110
000000100000
111100000000
011000000000
111000000000
111110000000
111111000000
111111000000
111111000000
111110000000
110000000000
110000000000
110000000000
100000000000
000000100000
000001111100
000000111100
000000011111
000000011111
000000111111
000000111111
000001111111
000000111111
000000111111
000000000110
000000000110
